0.01559938343607
0.0017387538648536
0.00226603877151188
0.01523056874721
0.00932637714415996
0.00182281399355838
0.00191550380099002
0.00290092456013573
0.00230870943753467
0.00277570969471231
0.00193570808106952
0.0117509112641007
0.0127480406881607
0.00187735234705477
0.00562558606366179
0.0093226978074129
0.00899965062890322
0.00204617348845661
0.0160427687611955
0.00182412588309587
0.00173789581723443
0.00474420973542947
0.0111516852608351
0.00182001681449547
0.00187423129620102
0.00185244330156284
0.00444375288516268
0.0019293423067486
0.00194916218728846
0.0105617215268967
