254.751490701463,379.514897740275,392.793755482283,510.54702779657,575.913683529138,587.604373461094,752.831948426614,1407.04000623667,1427.99942041292,1495.81540783897,2792.70661012521,3907.89415780359
1299.07362325512,4750.48250996485,12297.2548775476
290.458955614669,451.84943472962,538.635705280495,805.888855895801,1159.69035582625,1377.0392352877,1465.0963396303,1752.86297785346,1763.92456233462,2070.87004525711,3044.30297218167,4495.77404229616
613.99722850744,4519.12119449668,11439.4676098174
301.2624822603,348.289629508456,366.215429166881,1084.97710581231,1137.00878063173,1302.85046301966,1497.69859066697,1709.67390529216,1830.05053417471,1944.14257697596,2835.81177395932,3564.64444721782
831.368775880611,3887.24238537042,11330.0175246515
236.783150530299,345.400779606434,596.596342902738,782.21895657953,1050.75577284042,1155.39986799905,1183.50687908511,1414.28026461912,1420.59676170956,1514.04183348227,1783.6220773296,3875.50705093397
283.485089430695,3171.9824939813,12535.6730835773
64.5595239303555,501.160790443847,507.049258726706,537.049548578006,976.86177611989,1339.75393030724,1508.98239977338,1784.77059552981,1953.52576013858,2216.57334692432,3301.34777936775,5084.99031797109
311.945758952567,2862.29030536368,12065.0926171017
295.393624382705,533.760885241813,537.741145093429,554.408112286335,969.245319719845,984.834765121078,1336.98791311383,1349.6890263889,1361.83655017063,1661.01800496177,2400.31979215682,5176.00082130855
918.569133885727,5254.37284604131,14831.828659095
248.472085220682,368.141122445461,587.389365517256,986.809321281143,1027.02712164879,1084.28055172268,1160.72974027332,1168.65272831529,1319.78730464634,1514.85826564322,2781.68571511775,4695.62414502454
594.99469677357,3976.54652950051,12435.3422945182
287.383592855042,336.436666905956,453.168648078651,542.685352102577,863.482732537466,905.70565706312,1278.36364030248,1281.24316373612,1305.8671028009,1325.49245090966,1421.5633262702,4515.2582934093
267.176885477792,3600.99553330556,12416.0734322464
448.556147024715,511.917707975372,569.104296584659,780.612619576515,978.790875668076,1205.75637390341,1302.89773572036,1352.66673076174,1353.29684725983,1429.39643507081,2339.90473076423,4853.97712912946
943.06901063135,7024.99032961086,13808.3199680037
142.19685132407,151.915913684703,192.940326872099,715.591949837722,786.794341492653,827.154450553531,984.883200340025,1015.73831465389,1016.51691318979,1129.52118215764,2500.59303990359,3651.19702908627
679.17811787764,2862.74625422371,10434.5266674791
152.755684674526,310.00206520845,333.875017174985,553.681609919097,724.227987320376,772.592286336752,783.02557926334,812.743874708423,812.847571768462,851.120720767249,991.013737314125,3604.23301660136
533.859227927148,5284.34574697918,13473.9845570303
233.367118405371,501.652894153709,518.536872407727,606.802868192129,683.14168958635,964.754521254542,1068.05852331808,1172.16775164827,1175.72979885957,1343.83778660553,2424.4531008582,4099.08491453557
661.355806165771,3757.22537688846,11887.4017980544
236.756175020824,404.61389676211,470.58546623787,591.42328973333,670.765753142295,691.817646095737,898.105312931127,1953.32778336583,2597.93779745097,2786.89022032199,3210.8496369787,4701.8897369402
956.165123253245,2966.42918175225,11476.0247259854
541.425569181887,615.367660482652,698.511793288941,860.499959650586,1071.02774818988,1087.4803034855,1202.40881111966,1290.70785260451,1435.09553822947,2176.11157200103,2683.11935518662,5546.01364017679
820.186883237985,3240.52582432537,11994.9112584583
133.71649900614,321.289962964242,370.997295305596,507.344105755504,1040.73864277091,1076.30800099678,1325.55165088874,1351.56476974924,1459.23455784578,1603.73979502606,2331.60182163269,3444.44883886994
808.922716182524,3075.32385060086,9390.34358206955
209.586216088343,424.314962928474,525.288018534764,734.869309247415,855.06725552656,958.594793402341,1295.98816111813,1367.08141096189,1641.11849710127,1680.6803708468,3215.56450571947,4470.6842503752
721.898586817578,4756.46528476894,14062.4805634051
76.012986632663,391.719341751086,448.093452256024,670.595557236104,839.250728701381,913.613119949069,1269.39130953126,1312.98349219889,1319.08300984253,1506.98121041682,2076.92254233874,6103.03329917746
296.918176573465,3336.32723874847,11916.6341195935
171.333736616154,325.69156971815,577.76324730178,699.13223203812,870.598715540956,1142.39516745231,1242.34835210578,1351.37929427004,1373.88549500008,1602.08807715363,2854.05885112493,4495.15923051967
1114.48050831577,4146.79431407072,12917.7046798948
272.38492122466,416.70641759273,512.388240043437,597.277750472492,620.524409904834,788.445964829128,1131.75384835975,1162.03825455757,1704.00943971329,1775.93271069656,2000.73145321025,3445.47380902062
1289.09419886627,5286.54389985963,13647.2661465513
488.40050996931,619.877070647285,624.246009533052,867.237618630895,901.655751367884,954.481841438377,1387.9977830375,1546.26775276526,1729.47117488817,1756.76762616906,2579.31345952852,4189.89214187887
1106.17106896558,4533.34990573727,13545.3826293665
52.909226644588,491.73257471317,610.94830361269,697.288526719492,944.701854292993,1117.5964688476,1125.55820638404,1161.0429743871,1244.71383925097,1476.6425333505,2595.29477831815,5187.22386081168
920.382278399881,3738.82531851122,10735.50804079
237.04680905871,303.730565679931,331.659696817517,585.98034012898,622.743175088429,982.519800521027,1207.74351332732,1637.02451862811,1716.810866874,1999.87182828417,3156.22040686104,4447.53880164752
346.963777602816,5055.40684195019,12894.3613932992
221.451592150541,253.779884804284,261.652375539647,356.638742163196,622.806593528843,646.706814796861,660.592623198646,680.692997656008,878.665507364791,966.234306972619,1375.61022349399,3972.07176591366
911.752771651184,3201.52714418011,13944.0982969553
25.852249439376,196.608130463415,196.656784094978,448.173816968421,516.909885299446,585.685409550093,816.05365875456,1119.81662373662,1246.06891225221,1376.27592229138,2171.7230891382,3758.38535703506
1298.87584184141,3699.03265759991,9035.95100789851
247.86711549305,307.72453518659,308.441526538309,386.412295493124,909.953456929368,1203.6395415897,1204.61998312624,1635.35781113682,1679.00390042188,1699.47009307387,2466.7982623469,4131.99484986218
517.424582546225,5171.71715883154,14534.7069188066
297.332720176676,316.965477368296,339.500814129598,416.890357618235,730.789869266611,945.244467290153,1352.33847647418,2274.48515377588,2488.82632795476,2765.84409929777,4052.30324353136,5827.78850266347
532.61392857509,5996.05694742445,13607.9060966412
263.455312552654,379.400028105202,482.87814908931,514.054109430319,837.627666191784,1057.39282498697,1491.93904270869,1713.60576532036,1729.05418690832,2062.57430221077,3120.0856857374,4734.40961014631
1246.39799389651,4862.97683389231,11728.6585275785
280.413012843841,303.231961807961,497.556533932489,516.056312489564,576.146896729762,1189.75929941428,1354.85423664024,1422.6074150497,1476.11522830862,1510.22340278392,2336.50532081616,3085.8546886993
1066.81926583697,4336.75763332135,11502.6680709663
180.059585707015,180.819542138699,286.306379055735,1148.51304086946,1207.56622832989,1226.48044755939,1535.13353470604,1585.36922270439,1618.33198436325,1731.79774575663,2728.69547401448,3758.69032021837
943.836726459343,3686.37467540878,10548.2531110914
150.397682848605,171.809397708249,211.932846738677,634.205024483245,663.298949029964,947.17837052169,1043.42193055524,1357.37302419618,1469.63428865986,1534.44700489761,1897.70989370239,3287.53039923476
772.974140720912,3956.41843816809,10981.8501242613
277.287108162783,294.627021462253,565.131757690762,741.791897409305,838.998876143041,1197.55574016289,1206.50273174359,1253.93628256606,1386.55692385314,1650.29166989079,2915.09026847643,4433.32017713197
683.069124599549,5150.8574782076,12011.3390198537
212.321041781648,253.517612944341,274.208389040976,432.09285820437,959.372370043916,1385.69567987613,1442.38390501237,1487.87456108348,1808.38971936076,1883.72854066301,2446.56892514372,3898.52438508943
1234.54203192838,6242.65048025421,12517.8531782389
302.19620743097,330.05438078554,574.23621424074,671.332805179595,916.449543918282,925.64262072513,1043.27899415755,1069.13347184512,1080.16748771072,1521.95126166203,2162.50083714811,4639.42289026337
1887.65009794025,3751.56387854246,12967.684209897
382.773462961165,620.853324564769,677.015372504857,799.352718881115,910.461485922522,1487.77944332341,1557.07905554996,1875.81117194808,1949.0386294577,2091.29743806647,3263.34065172573,5850.35499859999
1201.3088248655,4974.73768511686,14071.8051485398
315.724350854638,408.257971371183,459.205811930989,584.698081129209,619.350282597274,1044.10626376886,1261.28494465162,1678.98068211965,1789.7089886988,2051.35358633391,2373.9482855854,4548.97348544151
207.805984718817,4562.68540315633,13104.6179553219
103.915810457629,406.958645885677,418.214906244686,895.931993114856,909.985764700546,1246.81834234471,1449.41507879725,1565.79449668619,1706.41478955343,2385.19349228022,2706.20200661307,5251.3071074837
439.012325803095,3626.55003926274,11015.7970937078
442.382811390478,506.791174957609,511.490323541999,569.756068361419,863.817595161197,962.529146762894,1173.369161477,1197.44520673058,1249.02591641263,1256.24768560346,2933.42863475111,3956.85544861242
1319.74389218241,3062.11835620127,13596.270563512
241.144108566417,303.260112723347,332.528895453401,423.501806028391,466.580681037949,749.124782568326,1022.14315112213,1033.39024971213,1057.77708528881,1285.74815696935,1439.01177126028,3165.26073479867
537.406707559328,2836.33244718527,10124.4846866304
172.53703643177,262.981929183973,289.294945277364,291.482092344401,528.331264701851,918.166057631778,1008.66090130055,1430.70724896625,1517.8721340353,1543.77509999472,2967.00988274482,4688.7816041462
786.385068219234,3356.45645013432,14406.694956093
262.143148665719,425.002608570007,539.572433803759,777.645494976877,1140.92411245832,1492.05361413122,1613.6751127038,1748.65172515706,2068.65188293705,2107.87937891186,2722.65330103011,4855.74728940077
440.162042589502,3016.05662819324,10711.5241425314
592.095433975204,844.956617805598,992.925135641494,999.222280248414,1082.72213211457,1241.91859641786,1460.80594168132,1676.69551310729,1796.39469303485,2027.24931127212,2685.83265625288,4507.45247811282
439.098302258269,5112.64913653551,11269.891176197
54.4687320369094,132.672592184535,214.105317076012,529.306116657712,608.109069754817,645.60958487449,735.288326415224,809.999602345599,939.628295979039,973.373481321402,1620.81852356237,3303.27894005778
588.815945073028,3023.16883337086,11016.2500424877
223.249964672937,381.770409411985,532.389820296302,648.056682544792,697.547984734387,923.161844193772,951.053106594162,1163.04319249402,1345.80674693629,1477.88412038848,2280.58746591632,3468.47716590221
732.883263814321,3357.35565412447,8797.10294297227
143.977948425481,153.059872260109,170.827626908124,677.813302403638,809.311298343739,977.320873547498,1193.61461017338,1419.12193207502,1660.69298274148,1849.52231559384,2969.6603839464,4779.93850155974
872.452475980087,4605.73844958662,13925.6779289624
261.543343212518,276.863586531625,295.418326609841,485.788002055152,672.836912988451,1305.75426044288,1541.94301551157,1602.82233522854,1771.66734915528,1870.38798583406,2456.03258691532,4592.62445309469
869.406935436519,2891.75177096038,9311.30280447059
270.384376179551,283.26367324476,465.070154879468,612.799539352081,803.471498779128,988.587257894225,1112.7722811801,1170.51045616253,1178.0615451727,1385.46368367174,1815.32511121373,2689.81357789708
544.031503757599,2412.57881654285,10312.0914051285
190.095224154547,230.909736561578,802.455413846729,844.600938167752,1231.04149967885,1383.236359034,1515.97362377789,1602.48390770212,1841.37619514709,1917.24382259003,2476.14344346242,3808.91505030916
710.107839787856,4560.9019769082,9904.78018908526
139.293747566573,230.65161803596,247.335625032711,413.487877797507,811.242694826209,996.789747067275,1210.33988412738,1425.62101928002,1598.25775781837,1700.7606766153,2778.41013634894,4431.66227824831
257.39851947137,4166.73084640043,12939.9123898978
431.832637521759,496.832904663389,537.693427069169,907.357587046355,914.615350918893,1108.23025601734,1187.21236391633,1262.77115005466,1421.36092715899,2103.6234619288,2594.41844151509,3427.51742010564
1371.63212353786,2794.05141803684,10325.6402111378
78.327905243336,519.795306812429,522.265075567471,528.505552222119,910.193121242389,968.936297766324,1269.62876643629,1472.42499153126,2270.46488900202,2300.61736763158,2688.15275516014,3424.75731647211
752.350658689734,3928.91886802613,10210.0363067171
201.643042066095,489.673455052062,491.03627245377,501.560526768875,515.780799984361,546.268615349514,634.56762679365,863.102727947963,1089.89191982498,1143.6643645283,2002.73778360914,4091.078244145
608.851119250723,4208.70788840078,11428.2967425152
193.138957321502,196.595422077094,330.379559639853,350.420027703033,376.946183232061,692.477211241042,1055.41457360066,1134.25205361288,1471.81628870415,1556.84649652596,2390.03770925034,4638.73216655195
196.840818021175,4876.94066605435,10692.3899144823
105.649766209827,146.243469519603,347.593634952541,376.705652324347,754.591818345471,809.468354734524,1001.93329351868,1012.67038709129,1157.62366075728,1303.8915771592,1424.74845447842,2947.10863442927
107.434745754718,3803.16298897525,9067.78245096783
252.673778157131,299.011670817083,324.05145576213,690.421500605019,754.521161495613,853.475044644554,996.558846861,1111.81557939457,1247.95841273106,1272.1673677039,1758.30483798604,4260.97806899039
807.063353160457,3922.21157520494,14957.0303213485
230.999818556744,269.032090116166,378.783007671885,653.019097538689,700.070795471763,1006.16092449436,1172.19150199053,1252.97257130551,1408.16696701253,1556.47201795016,1666.03043031239,4116.60321554666
703.62840787295,4169.98515265963,10256.5783205217
147.878612078138,511.957608117541,817.840063603581,841.310374010075,842.804463450844,1059.44337147981,1151.68897135603,1695.5614203217,2030.0127384504,2501.34113934309,2752.80866735688,4089.40651690778
432.679358413444,6303.3731877901,11567.7563241935
224.605075166245,314.296501042384,441.975247491258,498.939880715863,518.84721495242,844.530736026248,951.70370006275,1153.74886068007,1345.94012686373,1800.06263456948,1996.74427853977,2781.19689992173
381.586478139817,3267.20470008323,9617.06909166833
163.927015250414,213.760948578586,467.171492323195,558.949034920613,578.343865952962,731.155900555135,1170.94960497913,1421.3609310118,1468.67629938734,1930.75364533391,2330.90225356519,3821.07492174619
706.245762498601,3400.62762815882,11442.8731431884
166.859376161944,252.266955403014,537.960843294437,541.676405115848,625.323970351931,887.19198526142,1268.75633006548,1439.97715017053,1489.96257922524,1681.2054357659,2491.71333585337,6005.92948602727
522.70700385836,3459.26340360373,13024.3717588106
425.540340918551,484.07189860576,543.034274568984,763.915615451038,825.466973885505,1295.83444413752,1320.82536564903,1479.46256031119,1493.57921250715,1735.19014629917,2945.05037866079,4644.28442205974
1058.05001146491,4775.9003426885,14568.681934487
327.189050673543,506.898109509888,730.402073434121,769.511039618274,933.140428779841,1266.92152684457,1476.23994545372,1500.35483405523,1950.55987194737,2223.57362971678,2643.5130284744,3828.73267065428
586.316839090518,4016.50628654836,11024.5223709065
261.419633332703,314.674804673109,478.065002794551,521.289012923564,886.998505214655,979.138623980953,1155.10664229938,1183.39629886486,1426.68481154021,1528.24055974997,2168.91203772763,3893.86637110109
99.0715399218248,4054.9752642504,10861.4535869131
270.722126265815,372.117757806698,488.596621436371,769.371954463157,868.14613067267,1022.76721614515,1077.71024490004,1154.84255070878,1289.6259637107,1387.74467715096,2702.19720971853,5034.84418673172
120.764567207539,3686.50829839534,11295.6672895337
135.756002165664,245.664053927873,278.73967947717,573.95644712833,714.192178608126,752.752504723491,889.177247844043,968.547324834472,1111.13329269178,1289.84164401826,1975.47569770557,2911.33670343111
276.644603090102,3335.61914185342,9743.73868141322
236.356293617157,402.90886681692,432.956911987353,938.840070769799,1400.20040730268,1481.9576846898,1492.38910664388,1502.21092810454,1620.32806448647,1819.36714338445,2333.2876114519,4003.67347488336
470.867157271601,3309.15264254535,10623.2377443525
102.714383994001,191.504273128558,194.143777349142,682.764053566545,721.196289908795,960.671854911868,1160.41439967835,1186.90428091424,1323.79324758269,1493.12132879763,2192.98122736744,3252.48746272315
368.897991538164,3210.53615677741,10922.2219455896
151.107286188772,627.998504819933,702.53460943895,902.996817943083,919.72025510652,1191.60592341914,1224.01895786826,1339.45248606642,1694.89757239641,2569.37217273609,2827.33164757487,3738.14643695903
788.479185288921,4355.07125537624,14748.0616859312
321.577284930535,533.869832537866,629.311019918165,718.997707842719,722.508726766565,838.561182390832,857.915062835557,912.296629416986,952.111964614234,1107.43386871543,1903.19326321543,3318.38068697921
463.540963751443,2888.27919270474,9621.49955599336
393.275726442984,482.6379522923,574.932088729864,825.312123554828,828.019063076702,874.524008958012,880.256813170885,1091.59391929539,1514.97190280267,1599.5845551593,2531.23139424888,4354.6189225347
193.934976207688,3927.77162113303,11605.5910625153
218.652894434008,428.99517987641,570.657619501536,861.073746206458,867.737787207569,949.911276855519,953.379825242527,1064.90591819018,1232.36650061785,1470.96702718636,1893.19335899255,3930.64732891186
210.246792361578,4835.46908612127,11021.642765345
20.8495740987617,69.4225232923631,216.413347033097,398.185179215556,751.599983987292,998.133106359585,1129.24740142975,1224.40508967376,1276.93149097752,2169.93021160667,3018.98669577163,3834.39338937671
553.799516500758,4189.14663378783,13433.0265648626
213.359419452789,220.134281658362,312.654099285435,397.075525858137,581.877231153291,1272.07473420788,1645.46880608611,1724.93573970229,1982.84074463454,1993.14260713318,2626.75119617866,3688.72788328697
578.231642320223,3938.02944223302,9322.7847509714
401.667963923227,608.914182097048,836.513818929581,889.465728604066,1151.76830566575,1197.69435166055,1218.19704381002,1260.98288307616,1627.38773143066,1723.60662351661,2015.22772823683,3521.67014939195
351.362331075503,2784.46548995602,9213.27674641351
437.770712324579,744.396019430404,767.697471862705,898.515672007631,1356.89189089811,1693.64954354935,1788.34608010533,1859.60353166022,1925.08331176173,1985.01925303906,3832.11408360089,5939.30894019877
315.92747288606,4620.84564742659,14488.4987979708
117.487889452368,289.068356736829,304.849457511489,932.094815078498,934.01706458406,967.892965960023,1129.97594352461,1586.08643603585,1760.45014119413,1855.61408103832,2544.71681885008,3589.93150948142
669.386432064944,2797.87246704404,12920.1303421994
