254.751490701463,379.514897740275,392.793755482283,510.54702779657,575.913683529138,587.604373461094,752.831948426614,1407.04000623667,1427.99942041292,1495.81540783897,2792.70661012521,3907.89415780359
1299.07362325512,4750.48250996485,12297.2548775476
290.458955614669,451.84943472962,538.635705280495,805.888855895801,1159.69035582625,1377.0392352877,1465.0963396303,1752.86297785346,1763.92456233462,2070.87004525711,3044.30297218167,4495.77404229616
613.99722850744,4519.12119449668,11439.4676098174
301.2624822603,348.289629508456,366.215429166881,1084.97710581231,1137.00878063173,1302.85046301966,1497.69859066697,1709.67390529216,1830.05053417471,1944.14257697596,2835.81177395932,3564.64444721782
831.368775880611,3887.24238537042,11330.0175246515
236.783150530299,345.400779606434,596.596342902738,782.21895657953,1050.75577284042,1155.39986799905,1183.50687908511,1414.28026461912,1420.59676170956,1514.04183348227,1783.6220773296,3875.50705093397
283.485089430695,3171.9824939813,12535.6730835773
64.5595239303555,501.160790443847,507.049258726706,537.049548578006,976.86177611989,1339.75393030724,1508.98239977338,1784.77059552981,1953.52576013858,2216.57334692432,3301.34777936775,5084.99031797109
311.945758952567,2862.29030536368,12065.0926171017
295.393624382705,533.760885241813,537.741145093429,554.408112286335,969.245319719845,984.834765121078,1336.98791311383,1349.6890263889,1361.83655017063,1661.01800496177,2400.31979215682,5176.00082130855
918.569133885727,5254.37284604131,14831.828659095
248.472085220682,368.141122445461,587.389365517256,986.809321281143,1027.02712164879,1084.28055172268,1160.72974027332,1168.65272831529,1319.78730464634,1514.85826564322,2781.68571511775,4695.62414502454
594.99469677357,3976.54652950051,12435.3422945182
287.383592855042,336.436666905956,453.168648078651,542.685352102577,863.482732537466,905.70565706312,1278.36364030248,1281.24316373612,1305.8671028009,1325.49245090966,1421.5633262702,4515.2582934093
267.176885477792,3600.99553330556,12416.0734322464
448.556147024715,511.917707975372,569.104296584659,780.612619576515,978.790875668076,1205.75637390341,1302.89773572036,1352.66673076174,1353.29684725983,1429.39643507081,2339.90473076423,4853.97712912946
943.06901063135,7024.99032961086,13808.3199680037
142.19685132407,151.915913684703,192.940326872099,715.591949837722,786.794341492653,827.154450553531,984.883200340025,1015.73831465389,1016.51691318979,1129.52118215764,2500.59303990359,3651.19702908627
679.17811787764,2862.74625422371,10434.5266674791
152.755684674526,310.00206520845,333.875017174985,553.681609919097,724.227987320376,772.592286336752,783.02557926334,812.743874708423,812.847571768462,851.120720767249,991.013737314125,3604.23301660136
533.859227927148,5284.34574697918,13473.9845570303
233.367118405371,501.652894153709,518.536872407727,606.802868192129,683.14168958635,964.754521254542,1068.05852331808,1172.16775164827,1175.72979885957,1343.83778660553,2424.4531008582,4099.08491453557
661.355806165771,3757.22537688846,11887.4017980544
236.756175020824,404.61389676211,470.58546623787,591.42328973333,670.765753142295,691.817646095737,898.105312931127,1953.32778336583,2597.93779745097,2786.89022032199,3210.8496369787,4701.8897369402
956.165123253245,2966.42918175225,11476.0247259854
541.425569181887,615.367660482652,698.511793288941,860.499959650586,1071.02774818988,1087.4803034855,1202.40881111966,1290.70785260451,1435.09553822947,2176.11157200103,2683.11935518662,5546.01364017679
820.186883237985,3240.52582432537,11994.9112584583
133.71649900614,321.289962964242,370.997295305596,507.344105755504,1040.73864277091,1076.30800099678,1325.55165088874,1351.56476974924,1459.23455784578,1603.73979502606,2331.60182163269,3444.44883886994
808.922716182524,3075.32385060086,9390.34358206955
209.586216088343,424.314962928474,525.288018534764,734.869309247415,855.06725552656,958.594793402341,1295.98816111813,1367.08141096189,1641.11849710127,1680.6803708468,3215.56450571947,4470.6842503752
721.898586817578,4756.46528476894,14062.4805634051
76.012986632663,391.719341751086,448.093452256024,670.595557236104,839.250728701381,913.613119949069,1269.39130953126,1312.98349219889,1319.08300984253,1506.98121041682,2076.92254233874,6103.03329917746
296.918176573465,3336.32723874847,11916.6341195935
171.333736616154,325.69156971815,577.76324730178,699.13223203812,870.598715540956,1142.39516745231,1242.34835210578,1351.37929427004,1373.88549500008,1602.08807715363,2854.05885112493,4495.15923051967
1114.48050831577,4146.79431407072,12917.7046798948
272.38492122466,416.70641759273,512.388240043437,597.277750472492,620.524409904834,788.445964829128,1131.75384835975,1162.03825455757,1704.00943971329,1775.93271069656,2000.73145321025,3445.47380902062
1289.09419886627,5286.54389985963,13647.2661465513
488.40050996931,619.877070647285,624.246009533052,867.237618630895,901.655751367884,954.481841438377,1387.9977830375,1546.26775276526,1729.47117488817,1756.76762616906,2579.31345952852,4189.89214187887
1106.17106896558,4533.34990573727,13545.3826293665
52.909226644588,491.73257471317,610.94830361269,697.288526719492,944.701854292993,1117.5964688476,1125.55820638404,1161.0429743871,1244.71383925097,1476.6425333505,2595.29477831815,5187.22386081168
920.382278399881,3738.82531851122,10735.50804079
237.04680905871,303.730565679931,331.659696817517,585.98034012898,622.743175088429,982.519800521027,1207.74351332732,1637.02451862811,1716.810866874,1999.87182828417,3156.22040686104,4447.53880164752
346.963777602816,5055.40684195019,12894.3613932992
221.451592150541,253.779884804284,261.652375539647,356.638742163196,622.806593528843,646.706814796861,660.592623198646,680.692997656008,878.665507364791,966.234306972619,1375.61022349399,3972.07176591366
911.752771651184,3201.52714418011,13944.0982969553
25.852249439376,196.608130463415,196.656784094978,448.173816968421,516.909885299446,585.685409550093,816.05365875456,1119.81662373662,1246.06891225221,1376.27592229138,2171.7230891382,3758.38535703506
1298.87584184141,3699.03265759991,9035.95100789851
247.86711549305,307.72453518659,308.441526538309,386.412295493124,909.953456929368,1203.6395415897,1204.61998312624,1635.35781113682,1679.00390042188,1699.47009307387,2466.7982623469,4131.99484986218
517.424582546225,5171.71715883154,14534.7069188066
