439.994812181832,466.091123035985,567.981048659019,683.761353658718,710.888451199121,782.291082414475,922.772054775237,967.599962078397,1084.38715590313,1198.99876477584,1754.68770878909,2032.53562040348
1523.05032793835,11524.5581297995,72722.2749215927
204.320824515068,212.765279830397,312.017692588665,442.778998994457,598.788303745488,630.772387423271,781.338714902857,1130.4046101723,1388.75511763032,1661.90105416031,2239.06886730253,2275.94581043479
1952.22629180923,11698.2409711409,77248.7973689883
247.746854694866,272.761984136602,360.178246810592,412.823048484451,753.741574952758,899.851013457267,956.994169879191,1307.90199837948,1342.70757359882,1379.30414995995,1451.48063020884,1457.16783092683
1121.07585527171,10098.0663635962,71442.1630769357
421.139348435644,427.296815117943,574.362977047266,603.555159518049,611.764592714256,985.175853732115,1019.42795088317,1542.00763310879,1568.6991054841,1624.60008744396,2050.00605748395,2057.4510273086
2008.25411793938,13173.9960432568,69596.1799339268
139.594715129493,186.111880172725,532.026039796247,569.486496710582,614.344083200083,750.372605325863,1221.6331852275,1412.66644391838,1431.08060413923,1807.76194017743,2087.74762199376,2189.27521081959
1762.42054839136,11417.6933907658,79355.4121857093
342.787654519491,345.694449986645,389.610399810384,435.173824571031,575.592173781056,706.317080430799,1160.90541732055,1311.22881577225,1607.2808016525,1971.49433635613,2282.27607080709,2796.67078721566
1450.07795971197,14360.5938285836,81172.4727603454
368.341712665361,374.432912706695,670.985926431926,706.670711957985,800.430920295595,1139.55200047822,1285.35267844804,1313.80020999614,1322.73705923595,1701.34411566239,1760.33574516863,2599.75178216578
1853.91459701043,9981.55643946434,78699.6437412045
132.540987893316,358.037727615462,593.275190111429,616.955960170939,686.821741646872,944.440688181121,1135.50329795854,1230.32215903944,1245.16633147027,1288.08179164299,1613.57654239019,1666.54571861931
1105.29235104238,9315.6317661561,75752.5370413859
174.212224016989,201.44241104376,216.762286946155,233.744229753671,492.16935041411,520.056131710014,587.801392191768,646.28132828806,690.866900040858,810.647925280107,1229.53684212082,2033.82386542167
1866.27531189814,11325.3167821989,77547.7328876955
144.963883391626,474.364703789131,506.436412242435,555.500757584962,819.366951079506,1630.36888177051,1876.55159056222,2087.37444511001,2212.60636110558,2281.73504892632,2313.33556013237,2502.66937543371
755.180467524952,9505.5819416222,70615.9926962448
198.475358948918,252.508552999243,350.954600451304,527.132514906107,935.533654822889,986.872908032924,1074.94407745488,1474.60845976303,1531.55105854357,1676.92510326671,1694.98968011353,2262.86648317507
1765.58683661942,11527.8548433459,71233.778643451
141.66149647335,168.131676812514,178.543480060563,317.227908507846,372.670221292552,585.900988799945,815.96699548465,1008.9212757498,1227.95490831213,1291.34422323678,1429.60976235532,1551.73124357872
1129.98496124805,12133.0776150567,72693.8408953605
162.021159635614,234.31762802308,303.668753433843,348.854456985659,478.918867399098,532.033273630054,880.518910349917,1091.68107218648,1136.24208375234,1276.71506242802,1751.76456045074,1878.94748339694
1179.05957733036,9566.84984759439,70127.6131278982
232.643088426141,397.374660380219,515.373260699998,630.48102892323,717.868980867225,752.901264762811,1254.35355511077,1406.9578102264,1467.10951231376,1504.26647725369,1723.4217446268,2039.88966570342
1524.10612089854,10457.4185463209,66207.1433458843
516.59164906615,614.693671125681,679.007862353954,713.239295092637,801.845299216697,816.481089956405,890.365278076386,1031.43778856548,1390.52753427724,1476.30452258889,2056.9086047614,2172.34426928534
903.47836133083,10610.7465075058,71025.1883561282
295.359625293827,467.084493645079,583.116126906675,672.207070908055,858.770576801719,943.046472644452,1136.83107341493,1459.12939536283,1577.04494389942,1613.8471090368,1945.06777173943,2535.31611323918
1207.96978474704,11030.9903593704,78968.7091543139
167.254649854021,253.165652946302,395.531142887316,427.428416537642,497.432860712091,499.867711493385,845.73143354522,860.220583834703,898.259532505668,989.935707136627,1118.15129347279,1269.36363183397
1195.07686815702,11918.8515200202,72333.2933686426
