0.000000000000000000e+00
6.876779731215731050e-06
2.750692976446503463e-05
6.188988262375753153e-05
1.100246925331198691e-04
1.719100354426115183e-04
2.475442090647454285e-04
3.369251329213126460e-04
4.400503484006114104e-04
5.569170188250754851e-04
6.875219295293024530e-04
8.318614879484822209e-04
9.899317237172153804e-04
1.161728288778728036e-03
1.347246457504474486e-03
1.546481126824125144e-03
1.759426816365936138e-03
1.986077668607501116e-03
2.226427449036874097e-03
2.480469546324058812e-03
2.748196972502875597e-03
3.029602363163171573e-03
3.324677977653401218e-03
3.633415699293543726e-03
3.955807035598374495e-03
4.291843118511062989e-03
4.641514704647117795e-03
5.004812175548629428e-03
5.381725537948865538e-03
5.772244424047138708e-03
6.176358091794007139e-03
6.594055425186753569e-03
7.025324934575152835e-03
7.470154756977524617e-03
7.928532656407038387e-03
8.400446024208307882e-03
8.885881879404195285e-03
9.384826869052906653e-03
9.897267268615270175e-03
1.042318898233227965e-02
1.096257754361280520e-02
1.151541811543155096e-02
1.208169549073715050e-02
1.266139409287050932e-02
1.325449797599323118e-02
1.386099082552627419e-02
1.448085595859868561e-02
1.511407632450654896e-02
1.576063450518194395e-02
1.642051271567209966e-02
1.709369280462861435e-02
1.778015625480671574e-02
1.847988418357464704e-02
1.919285734343306390e-02
1.991905612254444430e-02
2.065846054527262568e-02
2.141105027273221967e-02
2.217680460334809159e-02
2.295570247342478346e-02
2.374772245772597407e-02
2.455284277006374374e-02
2.537104126389795253e-02
2.620229543294527730e-02
2.704658241179845601e-02
2.790387897655516314e-02
2.877416154545682156e-02
2.965740617953732325e-02
3.055358858328147131e-02
3.146268410529330650e-02
3.238466773897419326e-02
3.331951412321067230e-02
3.426719754307207960e-02
3.522769193051789732e-02
3.620097086511472190e-02
3.718700757476323115e-02
3.818577493643433851e-02
3.919724547691546407e-02
4.022139137356618016e-02
4.125818445508347421e-02
4.230759620227675377e-02
4.336959774885232322e-02
4.444415988220732500e-02
4.553125304423336073e-02
4.663084733212954219e-02
4.774291249922501396e-02
4.886741795581101000e-02
5.000433276998213217e-02
5.115362566848744713e-02
5.231526503759049290e-02
5.348921892393900673e-02
5.467545503544380542e-02
5.587394074216709555e-02
5.708464307722000558e-02
5.830752873766948535e-02
5.954256408545415685e-02
6.078971514830987938e-02
6.204894762070404385e-02
6.332022686477925544e-02
6.460351791130621024e-02
6.589878546064542597e-02
6.720599388371840954e-02
6.852510722298757462e-02
6.985608919344551970e-02
7.119890318361277171e-02
7.255351225654527170e-02
7.391987915085013183e-02
7.529796628171077366e-02
7.668773574192047637e-02
7.808914930292545908e-02
7.950216841587628980e-02
8.092675421268816227e-02
8.236286750711012405e-02
8.381046879580299203e-02
8.526951825942598318e-02
8.673997576373201901e-02
8.822180086067157867e-02
8.971495278950553098e-02
9.121939047792620991e-02
9.273507254318714976e-02
9.426195729324160499e-02
9.580000272788911919e-02
9.734916653993100355e-02
9.890940611633414203e-02
1.004806785394028318e-01
1.020629405879597412e-01
1.036561487385345010e-01
1.052602591665610099e-01
1.068752277475830403e-01
1.085010100584676840e-01
1.101375613786276381e-01
1.117848366912510827e-01
1.134427906845401623e-01
1.151113777529570448e-01
1.167905519984789725e-01
1.184802672318601841e-01
1.201804769739028139e-01
1.218911344567353144e-01
1.236121926250988434e-01
1.253436041376417565e-01
1.270853213682215654e-01
1.288372964072153903e-01
1.305994810628373359e-01
1.323718268624646255e-01
1.341542850539705622e-01
1.359468066070656511e-01
1.377493422146463531e-01
1.395618422941513614e-01
1.413842569889254830e-01
1.432165361695909300e-01
1.450586294354263839e-01
1.469104861157533026e-01
1.487720552713297506e-01
1.506432856957516109e-01
1.525241259168610419e-01
1.544145241981623728e-01
1.563144285402452982e-01
1.582237866822151229e-01
1.601425461031303343e-01
1.620706540234474469e-01
1.640080574064725072e-01
1.659547029598202883e-01
1.679105371368800059e-01
1.698755061382885012e-01
1.718495559134095851e-01
1.738326321618214043e-01
1.758246803348097742e-01
1.778256456368686456e-01
1.798354730272075930e-01
1.818541072212654375e-01
1.838814926922314186e-01
1.859175736725723338e-01
1.879622941555664228e-01
1.900155978968441073e-01
1.920774284159353917e-01
1.941477289978228438e-01
1.962264426945021789e-01
1.983135123265485911e-01
2.004088804846894667e-01
2.025124895313837325e-01
2.046242816024070599e-01
2.067441986084438688e-01
2.088721822366849390e-01
2.110081739524315714e-01
2.131521150007055498e-01
2.153039464078656262e-01
2.174636089832292785e-01
2.196310433207013246e-01
2.218061898004074772e-01
2.239889885903350031e-01
2.261793796479778518e-01
2.283773027219888896e-01
2.305826973538366298e-01
2.327955028794686243e-01
2.350156584309802399e-01
2.372431029382885970e-01
2.394777751308127811e-01
2.417196135391589673e-01
2.439685564968114839e-01
2.462245421418289837e-01
2.484875084185459992e-01
2.507573930792800221e-01
2.530341336860437718e-01
2.553176676122625999e-01
2.576079320444973342e-01
2.599048639841716191e-01
2.622084002493055288e-01
2.645184774762532331e-01
2.668350321214455478e-01
2.691580004631384249e-01
2.714873186031654395e-01
2.738229224686954399e-01
2.761647478139951928e-01
2.785127302221964141e-01
2.808668051070677962e-01
2.832269077147914205e-01
2.855929731257440540e-01
2.879649362562835546e-01
2.903427318605375507e-01
2.927262945321997267e-01
2.951155587063283292e-01
2.975104586611492241e-01
2.999109285198650054e-01
3.023169022524653804e-01
3.047283136775449930e-01
3.071450964641229686e-01
3.095671841334676766e-01
3.119945100609256561e-01
3.144270074777539281e-01
3.168646094729568041e-01
3.193072489951261916e-01
3.217548588542863408e-01
3.242073717237416997e-01
3.266647201419293767e-01
3.291268365142737684e-01
3.315936531150472932e-01
3.340651020892321243e-01
3.365411154543879180e-01
3.390216251025199856e-01
3.415065628019547384e-01
3.439958601992152976e-01
3.464894488209021572e-01
3.489872600755765664e-01
3.514892252556471308e-01
3.539952755392603012e-01
3.565053419921929700e-01
3.590193555697483441e-01
3.615372471186561465e-01
3.640589473789740405e-01
3.665843869859933268e-01
3.691134964721461409e-01
3.716462062689171453e-01
3.741824467087568884e-01
3.767221480269977163e-01
3.792652403637735703e-01
3.818116537659411169e-01
3.843613181890040975e-01
3.869141634990399536e-01
3.894701194746291728e-01
3.920291158087867434e-01
3.945910821108961075e-01
3.971559479086457234e-01
3.997236426499669593e-01
4.022940957049750410e-01
4.048672363679122754e-01
4.074429938590923839e-01
4.100212973268476668e-01
4.126020758494781671e-01
4.151852584372019983e-01
4.177707740341087272e-01
4.203585515201129774e-01
4.229485197129120855e-01
4.255406073699427583e-01
4.281347431903416156e-01
4.307308558169059554e-01
4.333288738380572935e-01
4.359287257898047940e-01
4.385303401577115290e-01
4.411336453788621270e-01
4.437385698438296999e-01
4.463450418986475987e-01
4.489529898467787272e-01
4.515623419510890746e-01
4.541730264358196933e-01
4.567849714885622303e-01
4.593981052622331807e-01
4.620123558770515837e-01
4.646276514225143872e-01
4.672439199593760306e-01
4.698610895216270289e-01
4.724790881184727787e-01
4.750978437363144180e-01
4.777172843407300196e-01
4.803373378784551173e-01
4.829579322793657870e-01
4.855789954584599499e-01
4.882004553178408424e-01
4.908222397487007616e-01
4.934442766333032027e-01
4.960664938469681595e-01
4.986888192600545389e-01
5.013111807399454056e-01
5.039335061530317850e-01
5.065557233666966308e-01
5.091777602512992384e-01
5.117995446821591576e-01
5.144210045415400501e-01
5.170420677206343241e-01
5.196626621215446606e-01
5.222827156592698694e-01
5.249021562636856375e-01
5.275209118815272769e-01
5.301389104783730266e-01
5.327560800406239139e-01
5.353723485774858348e-01
5.379876441229484163e-01
5.406018947377667638e-01
5.432150285114378807e-01
5.458269735641801956e-01
5.484376580489108699e-01
5.510470101532212173e-01
5.536549581013524568e-01
5.562614301561702446e-01
5.588663546211378730e-01
5.614696598422884710e-01
5.640712742101952060e-01
5.666711261619427065e-01
5.692691441830939336e-01
5.718652568096583844e-01
5.744593926300570752e-01
5.770514802870878590e-01
5.796414484798869671e-01
5.822292259658913283e-01
5.848147415627978907e-01
5.873979241505217219e-01
5.899787026731521111e-01
5.925570061409075606e-01
5.951327636320876691e-01
5.977059042950249035e-01
6.002763573500330407e-01
6.028440520913544987e-01
6.054089178891038925e-01
6.079708841912133677e-01
6.105298805253708272e-01
6.130858365009600464e-01
6.156386818109959025e-01
6.181883462340589386e-01
6.207347596362263742e-01
6.232778519730023392e-01
6.258175532912431116e-01
6.283537937310826882e-01
6.308865035278536926e-01
6.334156130140067287e-01
6.359410526210258485e-01
6.384627528813439090e-01
6.409806444302516004e-01
6.434946580078071410e-01
6.460047244607396433e-01
6.485107747443528137e-01
6.510127399244235447e-01
6.535105511790979538e-01
6.560041398007846469e-01
6.584934371980454282e-01
6.609783748974800144e-01
6.634588845456121931e-01
6.659348979107677646e-01
6.684063468849527068e-01
6.708731634857262316e-01
6.733352798580707343e-01
6.757926282762580783e-01
6.782451411457135482e-01
6.806927510048736973e-01
6.831353905270430849e-01
6.855729925222461274e-01
6.880054899390743994e-01
6.904328158665323789e-01
6.928549035358770869e-01
6.952716863224550625e-01
6.976830977475345641e-01
7.000890714801349946e-01
7.024895413388507759e-01
7.048844412936717818e-01
7.072737054678002178e-01
7.096572681394623938e-01
7.120350637437163899e-01
7.144070268742557239e-01
7.167730922852086906e-01
7.191331948929323703e-01
7.214872697778035304e-01
7.238352521860048627e-01
7.261770775313044490e-01
7.285126813968344495e-01
7.308419995368615751e-01
7.331649678785544522e-01
7.354815225237467669e-01
7.377915997506944157e-01
7.400951360158283254e-01
7.423920679555028324e-01
7.446823323877374001e-01
7.469658663139561172e-01
7.492426069207197559e-01
7.515124915814539452e-01
7.537754578581707943e-01
7.560314435031882940e-01
7.582803864608408384e-01
7.605222248691871911e-01
7.627568970617115696e-01
7.649843415690198434e-01
7.672044971205314035e-01
7.694173026461634812e-01
7.716226972780110271e-01
7.738206203520221482e-01
7.760110114096649969e-01
7.781938101995925505e-01
7.803689566792987309e-01
7.825363910167707493e-01
7.846960535921344571e-01
7.868478849992943669e-01
7.889918260475683454e-01
7.911278177633149777e-01
7.932558013915561590e-01
7.953757183975930234e-01
7.974875104686163230e-01
7.995911195153106998e-01
8.016864876734514089e-01
8.037735573054979321e-01
8.058522710021772673e-01
8.079225715840647748e-01
8.099844021031559205e-01
8.120377058444337992e-01
8.140824263274276662e-01
8.161185073077683594e-01
8.181458927787343960e-01
8.201645269727924070e-01
8.221743543631312434e-01
8.241753196651901980e-01
8.261673678381784569e-01
8.281504440865902206e-01
8.301244938617114988e-01
8.320894628631200218e-01
8.340452970401796007e-01
8.359919425935273818e-01
8.379293459765525531e-01
8.398574538968696102e-01
8.417762133177849604e-01
8.436855714597547573e-01
8.455854758018376272e-01
8.474758740831390691e-01
8.493567143042483059e-01
8.512279447286702494e-01
8.530895138842465864e-01
8.549413705645735329e-01
8.567834638304090422e-01
8.586157430110745725e-01
8.604381577058485275e-01
8.622506577853535914e-01
8.640531933929342934e-01
8.658457149460296876e-01
8.676281731375354855e-01
8.694005189371627473e-01
8.711627035927846929e-01
8.729146786317784068e-01
8.746563958623582158e-01
8.763878073749011843e-01
8.781088655432647272e-01
8.798195230260972277e-01
8.815197327681398853e-01
8.832094480015211246e-01
8.848886222470428997e-01
8.865572093154600042e-01
8.882151633087489451e-01
8.898624386213721538e-01
8.914989899415323160e-01
8.931247722524170429e-01
8.947397408334389901e-01
8.963438512614654297e-01
8.979370594120402727e-01
8.995193214605972098e-01
9.010905938836658580e-01
9.026508334600689132e-01
9.041999972721108669e-01
9.057380427067585060e-01
9.072649274568127531e-01
9.087806095220737346e-01
9.102850472104945245e-01
9.117781991393284491e-01
9.132600242362679532e-01
9.147304817405740307e-01
9.161895312041969941e-01
9.176371324928900286e-01
9.190732457873119765e-01
9.204978315841237935e-01
9.219108506970746797e-01
9.233122642580794404e-01
9.247020337182891847e-01
9.260801208491498127e-01
9.274464877434547283e-01
9.288010968163871173e-01
9.301439108065544525e-01
9.314748927770124531e-01
9.327940061162814933e-01
9.341012145393544630e-01
9.353964820886938591e-01
9.366797731352206613e-01
9.379510523792959908e-01
9.392102848516901137e-01
9.404574359145457807e-01
9.416924712623304661e-01
9.429153569227798348e-01
9.441260592578328836e-01
9.453245449645562015e-01
9.465107810760609031e-01
9.476847349624093475e-01
9.488463743315126431e-01
9.499956672300177152e-01
9.511325820441890455e-01
9.522570875007748681e-01
9.533691526678703676e-01
9.544687469557666670e-01
9.555558401177925987e-01
9.566304022511477045e-01
9.576924037977231352e-01
9.587418155449164425e-01
9.597786086264338268e-01
9.608027545230845012e-01
9.618142250635657309e-01
9.628129924252367688e-01
9.637990291348852434e-01
9.647723080694821096e-01
9.657328024569278302e-01
9.666804858767893416e-01
9.676153322610258067e-01
9.685373158947067074e-01
9.694464114167186120e-01
9.703425938204626178e-01
9.712258384545432444e-01
9.720961210234448924e-01
9.729534175882015301e-01
9.737977045670547227e-01
9.746289587361021134e-01
9.754471572299362458e-01
9.762522775422739496e-01
9.770442975265750674e-01
9.778231953966518564e-01
9.785889497272678428e-01
9.793415394547273500e-01
9.800809438774554794e-01
9.808071426565669881e-01
9.815201158164252870e-01
9.822198437451933328e-01
9.829063071953714203e-01
9.835794872843278691e-01
9.842393654948179416e-01
9.848859236754934354e-01
9.855191440414012849e-01
9.861390091744737241e-01
9.867455020240067931e-01
9.873386059071294074e-01
9.879183045092627680e-01
9.884845818845685583e-01
9.890374224563871497e-01
9.895768110176677013e-01
9.901027327313846049e-01
9.906151731309470465e-01
9.911141181205956885e-01
9.915995539757916921e-01
9.920714673435930830e-01
9.925298452430224572e-01
9.929746750654249166e-01
9.934059445748131267e-01
9.938236419082059347e-01
9.942277555759527763e-01
9.946182744620511995e-01
9.949951878244513992e-01
9.953584852953529793e-01
9.957081568814889483e-01
9.960441929644017200e-01
9.963665843007064593e-01
9.966753220223465437e-01
9.969703976368369247e-01
9.972518030274970524e-01
9.975195304536760288e-01
9.977735725509629949e-01
9.980139223313925223e-01
9.982405731836340168e-01
9.984535188731759048e-01
9.986527535424954971e-01
9.988382717112211928e-01
9.990100682762828033e-01
9.991681385120515513e-01
9.993124780704707444e-01
9.994430829811747907e-01
9.995599496515993332e-01
9.996630748670788380e-01
9.997524557909353016e-01
9.998280899645572983e-01
9.998899753074669272e-01
9.999381101173762110e-01
9.999724930702355019e-01
9.999931232202687870e-01
1.000000000000000000e+00
