6.16850275055402e-11
2.76810313999299e-05
0.000110555845872367
0.000248615356236551
0.000441844321578347
0.000690221410617782
0.000993719204063879
0.00135230419764158
0.00176593680579041
0.00223457136603448
0.00275815614402334
0.00333663333924313
0.00396993909139738
0.00465800348745683
0.00540075056937738
0.00619809834248535
0.00704995878452925
0.00795623785539683
0.00891683550749655
0.00993164569680225
0.0110005563945597
0.0121234495996538
0.0133002013516355
0.0145306817444058
0.0158147549405569
0.0171522791863678
0.0185431068274529
0.0199870843250621
0.0214840522730306
0.0230338454153766
0.0246362926645441
0.02629121712029
0.0279984360892131
0.0297577611049221
0.031568997948841
0.0334319466716498
0.0353464016153578
0.0373121514360064
0.0393289791270011
0.0413966620430666
0.0435149719248263
0.0456836749240004
0.0479025316292212
0.0501712970924629
0.0524897208560821
0.0548575469804668
0.0572745140722907
0.0597403553133693
0.0622547984901151
0.0648175660235878
0.0674283750001382
0.0700869372026392
0.0727929591423037
0.0755461420910838
0.0783461821146485
0.0811927701059364
0.0840855918192786
0.0870243279050903
0.0900086539451244
0.0930382404882855
0.0961127530869992
0.099231852334133
0.102395193900465
0.105602428572695
0.108853202291997
0.112147156193103
0.115483926643922
0.118863145285679
0.122284439073583
0.12574743031801
0.129251736726191
0.132796971444423
0.136382743100768
0.140008655848264
0.14367430940862
0.147379299116405
0.151123215963722
0.15490564664536
0.158726173604419
0.162584375078403
0.166479825145788
0.170412093773034
0.174380746862058
0.178385346298163
0.182425449998392
0.186500611960343
0.190610382311396
0.19475430735838
0.198931929637657
0.203142787965625
0.207386417489626
0.211662349739266
0.215970112678132
0.220309230755897
0.224679224960824
0.229079612872642
0.233509908715802
0.237969623413105
0.242458264639695
0.246975336877405
0.25152034146946
0.256092776675527
0.260692137727104
0.26531791688324
0.269969603486591
0.274646684019793
0.279348642162145
0.284074958846617
0.288825112317144
0.293598578186229
0.298394829492828
0.303213336760531
0.308053568056002
0.312914989047712
0.317797063064918
0.322699251156912
0.327621012152516
0.332561802719826
0.33752107742619
0.342498288798423
0.347492887383242
0.352504321807925
0.357532038841175
0.362575483454199
0.367634098881974
0.372707326684716
0.377794606809523
0.382895377652204
0.388009076119278
0.393135137690132
0.398272996479346
0.403422085299157
0.408581835722079
0.413751678143649
0.41893104184531
0.424119355057417
0.429316045022353
0.434520538057759
0.439732259619865
0.444950634366918
0.450175086222694
0.455405038440093
0.460639913664811
0.465879133999072
0.47112212106543
0.476368296070613
0.481617079869419
0.486867893028655
0.492120155891097
0.497373288639482
0.502626711360518
0.507879844108903
0.513132106971344
0.518382920130581
0.523631703929387
0.52887787893457
0.534120866000927
0.539360086335189
0.544594961559907
0.549824913777306
0.555049365633082
0.560267740380135
0.565479461942241
0.570683954977647
0.575880644942582
0.58106895815469
0.586248321856351
0.591418164277921
0.596577914700843
0.601727003520654
0.606864862309868
0.611990923880722
0.617104622347796
0.622205393190477
0.627292673315284
0.632365901118026
0.637424516545801
0.642467961158825
0.647495678192075
0.652507112616758
0.657501711201577
0.66247892257381
0.667438197280174
0.672378987847484
0.677300748843088
0.682202936935081
0.687085010952288
0.691946431943998
0.696786663239469
0.701605170507171
0.706401421813771
0.711174887682855
0.715925041153383
0.720651357837855
0.725353315980207
0.730030396513409
0.73468208311676
0.739307862272896
0.743907223324472
0.74847965853054
0.753024663122595
0.757541735360304
0.762030376586895
0.766490091284198
0.770920387127358
0.775320775039176
0.779690769244103
0.784029887321868
0.788337650260734
0.792613582510374
0.796857212034375
0.801068070362343
0.80524569264162
0.809389617688604
0.813499388039657
0.817574550001608
0.821614653701837
0.825619253137941
0.829587906226966
0.833520174854211
0.837415624921597
0.841273826395581
0.84509435335464
0.848876784036278
0.852620700883595
0.85632569059138
0.859991344151736
0.863617256899232
0.867203028555577
0.870748263273809
0.87425256968199
0.877715560926417
0.881136854714321
0.884516073356078
0.887852843806897
0.891146797708003
0.894397571427305
0.897604806099535
0.900768147665867
0.903887246913001
0.906961759511714
0.909991346054876
0.91297567209491
0.915914408180721
0.918807229894064
0.921653817885351
0.924453857908916
0.927207040857696
0.929913062797361
0.932571624999862
0.935182433976412
0.937745201509885
0.940259644686631
0.942725485927709
0.945142453019533
0.947510279143918
0.949828702907537
0.952097468370779
0.954316325076
0.956485028075174
0.958603337956933
0.960671020872999
0.962687848563994
0.964653598384642
0.96656805332835
0.968431002051159
0.970242238895078
0.972001563910787
0.97370878287971
0.975363707335456
0.976966154584623
0.978515947726969
0.980012915674938
0.981456893172547
0.982847720813632
0.984185245059443
0.985469318255594
0.986699798648364
0.987876550400346
0.98899944360544
0.990068354303198
0.991083164492503
0.992043762144603
0.992950041215471
0.993801901657515
0.994599249430623
0.995341996512543
0.996030060908603
0.996663366660757
0.997241843855977
0.997765428633966
0.99823406319421
0.998647695802358
0.999006280795936
0.999309778589382
0.999558155678422
0.999751384643763
0.999889444154128
0.9999723189686
0.999999999938315
